&POT1D
 IDRUN=         10,
 INDX=          9,
 NTP=          5,
 MODESXP=         40,
 PSOLVE=          1,
 OMX=  0.0000000000000000     ,
 OMY=  0.0000000000000000     ,
 OMZ=  0.0000000000000000     ,
 NPREC=         24,
 T0=  0.0000000000000000     ,
 TEND=  1000.0000000000000     ,
 DT= 0.20000000000000001     ,
 CENG= 2.77777777777777762E-002,
 FPNAME="potk1.10                        ",
 /
&INPUT1
 IDRUN=         10,
 IDRUN0=          0,
 IDCODE=          3,
 INDX=          9,
 NPX=      18432,
 NPXB=          0,
 INORDER=          1,
 POPT=          2,
 DOPT=          2,
 DJOPT=          1,
 NUSTRT=          1,
 NTR=          0,
 NTW=          1,
 NTP=          5,
 NTA=          0,
 NTV=          5,
 NTS=          0,
 NTE=          0,
 TEND=  1000.0000000000000     ,
 DT= 0.20000000000000001     ,
 QME= -1.0000000000000000     ,
 VTX=  1.0000000000000000     ,
 VTY=  1.0000000000000000     ,
 VTZ=  1.0000000000000000     ,
 VX0=  0.0000000000000000     ,
 VY0=  0.0000000000000000     ,
 VZ0=  0.0000000000000000     ,
 VDX=  0.0000000000000000     ,
 VDY=  0.0000000000000000     ,
 VDZ=  0.0000000000000000     ,
 VTDX=  1.0000000000000000     ,
 VTDY=  1.0000000000000000     ,
 VTDZ=  1.0000000000000000     ,
 PSOLVE=          1,
 OMX=  0.0000000000000000     ,
 OMY=  0.0000000000000000     ,
 OMZ=  0.0000000000000000     ,
 CI= 0.10000000000000001     ,
 AX= 0.91287099999999999     ,
 NDIM=          2,
 NDC=          2,
 MOVION=          0,
 SORTIME=          0,
 NPLOT=          4,
 SNTASKS=         -1,
 NDPROF=          0,
 AMPDX=  0.0000000000000000     ,
 SCALEDX=  0.0000000000000000     ,
 SHIFTDX=  0.0000000000000000     ,
 MODESXP=         40,
 MODESXA=         11,
 MODESXE=         11,
 /
